item_id:101	{104: '0.400000'}
item_id:102	{103: '1.200000'}
